"active_cases","active_cases_change","cumulative_cases","cumulative_deaths","cumulative_recovered","date_active","province"
1,1,1,0,0,"25-01-2020","Canada"
1,0,1,0,0,"26-01-2020","Canada"
2,1,2,0,0,"27-01-2020","Canada"
3,1,3,0,0,"28-01-2020","Canada"
3,0,3,0,0,"29-01-2020","Canada"
3,0,3,0,0,"30-01-2020","Canada"
4,1,4,0,0,"31-01-2020","Canada"
4,0,4,0,0,"01-02-2020","Canada"
4,0,4,0,0,"02-02-2020","Canada"
4,0,4,0,0,"03-02-2020","Canada"
5,1,5,0,0,"04-02-2020","Canada"
5,0,5,0,0,"05-02-2020","Canada"
7,2,7,0,0,"06-02-2020","Canada"
7,0,7,0,0,"07-02-2020","Canada"
7,0,7,0,0,"08-02-2020","Canada"
7,0,7,0,0,"09-02-2020","Canada"
7,0,7,0,0,"10-02-2020","Canada"
7,0,7,0,0,"11-02-2020","Canada"
6,-1,7,0,1,"12-02-2020","Canada"
6,0,7,0,1,"13-02-2020","Canada"
7,1,8,0,1,"14-02-2020","Canada"
7,0,8,0,1,"15-02-2020","Canada"
7,0,8,0,1,"16-02-2020","Canada"
7,0,8,0,1,"17-02-2020","Canada"
7,0,8,0,1,"18-02-2020","Canada"
6,-1,8,0,2,"19-02-2020","Canada"
6,0,9,0,3,"20-02-2020","Canada"
5,-1,9,0,4,"21-02-2020","Canada"
5,0,9,0,4,"22-02-2020","Canada"
6,1,10,0,4,"23-02-2020","Canada"
7,1,11,0,4,"24-02-2020","Canada"
4,-3,11,0,7,"25-02-2020","Canada"
5,1,12,0,7,"26-02-2020","Canada"
7,2,14,0,7,"27-02-2020","Canada"
9,2,16,0,7,"28-02-2020","Canada"
13,4,20,0,7,"29-02-2020","Canada"
17,4,24,0,7,"01-03-2020","Canada"
17,0,24,0,7,"02-03-2020","Canada"
26,9,33,0,7,"03-03-2020","Canada"
27,1,34,0,7,"04-03-2020","Canada"
38,11,46,0,8,"05-03-2020","Canada"
46,8,54,0,8,"06-03-2020","Canada"
52,6,60,0,8,"07-03-2020","Canada"
58,6,67,1,8,"08-03-2020","Canada"
76,18,86,1,9,"09-03-2020","Canada"
85,9,95,1,9,"10-03-2020","Canada"
105,20,116,2,9,"11-03-2020","Canada"
145,40,156,2,9,"12-03-2020","Canada"
186,41,198,2,10,"13-03-2020","Canada"
245,59,257,2,10,"14-03-2020","Canada"
329,84,341,2,10,"15-03-2020","Canada"
426,97,441,5,10,"16-03-2020","Canada"
579,153,597,8,10,"17-03-2020","Canada"
707,128,727,9,11,"18-03-2020","Canada"
848,141,873,12,13,"19-03-2020","Canada"
1059,211,1087,13,15,"20-03-2020","Canada"
1297,238,1331,18,16,"21-03-2020","Canada"
1432,135,1471,21,18,"22-03-2020","Canada"
1955,523,2091,24,112,"23-03-2020","Canada"
2606,651,2819,27,186,"24-03-2020","Canada"
3175,569,3408,35,198,"25-03-2020","Canada"
3774,599,4042,39,229,"26-03-2020","Canada"
4345,571,4756,55,356,"27-03-2020","Canada"
5088,743,5654,61,505,"28-03-2020","Canada"
5664,576,6319,66,589,"29-03-2020","Canada"
6234,570,7446,90,1122,"30-03-2020","Canada"
7157,923,8589,126,1306,"31-03-2020","Canada"
8367,1210,10188,145,1676,"01-04-2020","Canada"
9624,1257,11775,170,1981,"02-04-2020","Canada"
10419,795,12977,223,2335,"03-04-2020","Canada"
11386,967,14406,272,2748,"04-04-2020","Canada"
12497,1111,15912,302,3113,"05-04-2020","Canada"
13180,683,17162,353,3629,"06-04-2020","Canada"
14079,899,18559,417,4063,"07-04-2020","Canada"
14712,633,19850,472,4666,"08-04-2020","Canada"
15535,823,21400,541,5324,"09-04-2020","Canada"
16071,536,22712,615,6026,"10-04-2020","Canada"
16607,536,23959,689,6663,"11-04-2020","Canada"
17127,520,25057,745,7185,"12-04-2020","Canada"
17833,706,26425,821,7771,"13-04-2020","Canada"
18671,838,27885,966,8248,"14-04-2020","Canada"
19169,498,29231,1070,8992,"15-04-2020","Canada"
19989,820,30963,1249,9725,"16-04-2020","Canada"
20925,936,32846,1365,10556,"17-04-2020","Canada"
21629,704,34376,1527,11220,"18-04-2020","Canada"
22518,889,36010,1636,11856,"19-04-2020","Canada"
23496,978,37852,1757,12599,"20-04-2020","Canada"
24273,777,39383,1909,13201,"21-04-2020","Canada"
25282,1009,41353,2072,13999,"22-04-2020","Canada"
26210,928,43216,2232,14774,"23-04-2020","Canada"
26897,687,44840,2389,15554,"24-04-2020","Canada"
27269,372,46259,2552,16438,"25-04-2020","Canada"
27842,573,47846,2670,17334,"26-04-2020","Canada"
28380,538,49478,2817,18281,"27-04-2020","Canada"
28742,362,50944,2958,19244,"28-04-2020","Canada"
29164,422,52637,3133,20340,"29-04-2020","Canada"
29495,331,54210,3278,21437,"30-04-2020","Canada"
29895,400,56166,3507,22764,"01-05-2020","Canada"
30276,381,57744,3654,23814,"02-05-2020","Canada"
31615,1339,60304,3768,24921,"03-05-2020","Canada"
31776,161,61786,3980,26030,"04-05-2020","Canada"
31881,105,63054,4167,27006,"05-05-2020","Canada"
32010,129,64541,4347,28184,"06-05-2020","Canada"
32269,259,66051,4522,29260,"07-05-2020","Canada"
32603,334,67519,4677,30239,"08-05-2020","Canada"
32697,94,68761,4802,31262,"09-05-2020","Canada"
32856,159,69928,4963,32109,"10-05-2020","Canada"
33009,153,71115,5099,33007,"11-05-2020","Canada"
32936,-73,72273,5282,34055,"12-05-2020","Canada"
32836,-100,73422,5409,35177,"13-05-2020","Canada"
32966,130,74645,5575,36104,"14-05-2020","Canada"
33253,287,75823,5662,36908,"15-05-2020","Canada"
33444,191,77056,5780,37832,"16-05-2020","Canada"
33736,292,78182,5883,38563,"17-05-2020","Canada"
34067,331,79258,5940,39251,"18-05-2020","Canada"
34300,233,80373,6010,40063,"19-05-2020","Canada"
34528,228,81452,6135,40789,"20-05-2020","Canada"
34648,120,82625,6249,41728,"21-05-2020","Canada"
34887,239,83835,6341,42607,"22-05-2020","Canada"
35271,384,85035,6446,43318,"23-05-2020","Canada"
35479,208,85991,6514,43998,"24-05-2020","Canada"
35732,253,87018,6635,44651,"25-05-2020","Canada"
35911,179,87994,6731,45352,"26-05-2020","Canada"
35855,-56,88888,6856,46177,"27-05-2020","Canada"
36067,212,89882,6962,46853,"28-05-2020","Canada"
36236,169,90814,7045,47533,"29-05-2020","Canada"
36334,98,91591,7141,48116,"30-05-2020","Canada"
36148,-186,92396,7356,48892,"31-05-2020","Canada"
36090,-58,93214,7385,49739,"01-06-2020","Canada"
36071,-19,93884,7456,50357,"02-06-2020","Canada"
35967,-104,94573,7558,51048,"03-06-2020","Canada"
35763,-204,95198,7697,51738,"04-06-2020","Canada"
35557,-206,95880,7758,52565,"05-06-2020","Canada"
34960,-597,96399,7830,53609,"06-06-2020","Canada"
35014,54,97099,7857,54228,"07-06-2020","Canada"
34996,-18,97714,7890,54828,"08-06-2020","Canada"
34657,-339,98173,7949,55567,"09-06-2020","Canada"
34007,-650,98654,8008,56639,"10-06-2020","Canada"
33386,-621,99093,8049,57658,"11-06-2020","Canada"
32911,-475,99537,8103,58523,"12-06-2020","Canada"
32469,-442,99984,8162,59353,"13-06-2020","Canada"
31870,-599,100339,8197,60272,"14-06-2020","Canada"
31447,-423,100716,8227,61042,"15-06-2020","Canada"
31337,-110,101048,8268,61443,"16-06-2020","Canada"
31119,-218,101439,8303,62017,"17-06-2020","Canada"
30973,-146,101819,8350,62496,"18-06-2020","Canada"
30861,-112,102259,8395,63003,"19-06-2020","Canada"
30682,-179,102625,8455,63488,"20-06-2020","Canada"
30568,-114,102923,8469,63886,"21-06-2020","Canada"
30466,-102,103281,8481,64334,"22-06-2020","Canada"
30435,-31,103638,8499,64704,"23-06-2020","Canada"
30335,-100,103956,8530,65091,"24-06-2020","Canada"
30348,13,104325,8552,65425,"25-06-2020","Canada"
30219,-129,104501,8556,65726,"26-06-2020","Canada"
30206,-13,104744,8565,65973,"27-06-2020","Canada"
30275,69,105036,8570,66191,"28-06-2020","Canada"
29888,-387,105683,8617,67178,"29-06-2020","Canada"
29731,-157,105962,8639,67592,"30-06-2020","Canada"
29742,11,106153,8667,67744,"01-07-2020","Canada"
29473,-269,106510,8690,68347,"02-07-2020","Canada"
29430,-43,106835,8712,68693,"03-07-2020","Canada"
29346,-84,107056,8720,68990,"04-07-2020","Canada"
29293,-53,107261,8729,69239,"05-07-2020","Canada"
29382,89,107690,8738,69570,"06-07-2020","Canada"
29256,-126,107894,8755,69883,"07-07-2020","Canada"
29183,-73,108207,8777,70247,"08-07-2020","Canada"
29168,-15,108529,8787,70574,"09-07-2020","Canada"
29151,-17,108853,8801,70901,"10-07-2020","Canada"
28951,-200,109026,8809,71266,"11-07-2020","Canada"
28943,-8,109227,8817,71467,"12-07-2020","Canada"
29239,296,109907,8827,71841,"13-07-2020","Canada"
29204,-35,110210,8836,72170,"14-07-2020","Canada"
29220,16,110553,8848,72485,"15-07-2020","Canada"
29298,78,111000,8866,72836,"16-07-2020","Canada"
5873,-23425,111436,8874,96689,"17-07-2020","Canada"
6008,135,111799,8882,96909,"18-07-2020","Canada"
6181,173,112118,8886,97051,"19-07-2020","Canada"
6562,381,112927,8891,97474,"20-07-2020","Canada"
6834,272,113487,8896,97757,"21-07-2020","Canada"
6956,122,114001,8903,98142,"22-07-2020","Canada"
7045,89,114471,8907,98519,"23-07-2020","Canada"
7231,186,115018,8914,98873,"24-07-2020","Canada"
7320,89,115354,8919,99115,"25-07-2020","Canada"
7391,71,115670,8924,99355,"26-07-2020","Canada"
7598,207,116393,8935,99860,"27-07-2020","Canada"
7720,122,116802,8948,100134,"28-07-2020","Canada"
7879,159,117298,8954,100465,"29-07-2020","Canada"
7812,-67,117640,8966,100862,"30-07-2020","Canada"
7941,129,118139,8971,101227,"31-07-2020","Canada"
7996,55,118409,8977,101436,"01-08-2020","Canada"
8079,83,118634,8981,101574,"02-08-2020","Canada"
8262,183,118845,8986,101597,"03-08-2020","Canada"
8134,-128,119580,8996,102450,"04-08-2020","Canada"
8175,41,119964,9001,102788,"05-08-2020","Canada"
8219,44,120329,9004,103106,"06-08-2020","Canada"
8312,93,120755,9008,103435,"07-08-2020","Canada"
8416,104,120997,9015,103566,"08-08-2020","Canada"
8462,46,121209,9019,103728,"09-08-2020","Canada"
6528,-1934,121908,9025,106355,"10-08-2020","Canada"
6478,-50,122254,9030,106746,"11-08-2020","Canada"
6464,-14,122656,9044,107148,"12-08-2020","Canada"
6442,-22,123048,9054,107552,"13-08-2020","Canada"
6467,25,123468,9059,107942,"14-08-2020","Canada"
6399,-68,123678,9062,108217,"15-08-2020","Canada"
6298,-101,123846,9064,108484,"16-08-2020","Canada"
6455,157,124584,9070,109059,"17-08-2020","Canada"
6507,52,124940,9080,109353,"18-08-2020","Canada"
6362,-145,125265,9085,109818,"19-08-2020","Canada"
6295,-67,125669,9090,110284,"20-08-2020","Canada"
6433,138,126178,9101,110644,"21-08-2020","Canada"
6425,-8,126406,9107,110874,"22-08-2020","Canada"
6431,6,126649,9110,111108,"23-08-2020","Canada"
6645,214,127454,9119,111690,"24-08-2020","Canada"
6586,-59,127763,9127,112050,"25-08-2020","Canada"
6664,78,128248,9129,112455,"26-08-2020","Canada"
6739,75,128700,9136,112825,"27-08-2020","Canada"
6825,86,129204,9145,113234,"28-08-2020","Canada"
6834,9,129485,9150,113501,"29-08-2020","Canada"
6910,76,129727,9153,113664,"30-08-2020","Canada"
7458,548,130778,9162,114158,"31-08-2020","Canada"
7503,45,131278,9168,114607,"01-09-2020","Canada"
7561,58,131783,9172,115050,"02-09-2020","Canada"
7748,187,132370,9178,115444,"03-09-2020","Canada"
7874,126,132980,9180,115926,"04-09-2020","Canada"
8021,147,133339,9182,116136,"05-09-2020","Canada"
8167,146,133706,9182,116357,"06-09-2020","Canada"
8494,327,134137,9184,116459,"07-09-2020","Canada"
8852,358,135609,9192,117565,"08-09-2020","Canada"
8738,-114,136190,9195,118257,"09-09-2020","Canada"
8622,-116,136814,9202,118990,"10-09-2020","Canada"
8661,39,137540,9205,119674,"11-09-2020","Canada"
8719,58,138005,9211,120075,"12-09-2020","Canada"
8896,177,138540,9213,120431,"13-09-2020","Canada"
9513,617,139958,9221,121224,"14-09-2020","Canada"
9685,172,140755,9230,121840,"15-09-2020","Canada"
10025,340,141709,9235,122449,"16-09-2020","Canada"
10564,539,142876,9239,123073,"17-09-2020","Canada"
10950,386,143918,9245,123723,"18-09-2020","Canada"
11315,365,144753,9251,124187,"19-09-2020","Canada"
11607,292,145554,9256,124691,"20-09-2020","Canada"
12427,820,147409,9268,125714,"21-09-2020","Canada"
12518,91,148697,9275,126904,"22-09-2020","Canada"
12724,206,149796,9284,127788,"23-09-2020","Canada"
13124,400,151121,9290,128707,"24-09-2020","Canada"
13703,579,152571,9295,129573,"25-09-2020","Canada"
14186,483,153817,9303,130328,"26-09-2020","Canada"
14822,636,155228,9308,131098,"27-09-2020","Canada"
15546,724,157471,9318,132607,"28-09-2020","Canada"
16072,526,159140,9331,133737,"29-09-2020","Canada"
16648,576,160956,9337,134971,"30-09-2020","Canada"
17068,420,162777,9359,136350,"01-10-2020","Canada"
17827,759,164898,9457,137614,"02-10-2020","Canada"
18323,496,166699,9509,138867,"03-10-2020","Canada"
18543,220,168308,9523,140242,"04-10-2020","Canada"
19335,792,171218,9550,142333,"05-10-2020","Canada"
20030,695,173598,9574,143994,"06-10-2020","Canada"
20206,176,175457,9585,145666,"07-10-2020","Canada"
20826,620,177933,9599,147508,"08-10-2020","Canada"
21412,586,180464,9628,149424,"09-10-2020","Canada"
21574,162,182582,9651,151357,"10-10-2020","Canada"
21306,-268,184182,9657,153219,"11-10-2020","Canada"
21984,678,185914,9672,154258,"12-10-2020","Canada"
22146,162,189328,9696,157486,"13-10-2020","Canada"
22818,672,191877,9708,159351,"14-10-2020","Canada"
22910,92,194148,9748,161490,"15-10-2020","Canada"
23299,389,196714,9771,163644,"16-10-2020","Canada"
23507,208,198741,9788,165446,"17-10-2020","Canada"
23618,111,200532,9802,167112,"18-10-2020","Canada"
24309,691,203801,9821,169671,"19-10-2020","Canada"
24544,235,206127,9840,171743,"20-10-2020","Canada"
25203,659,208825,9874,173748,"21-10-2020","Canada"
25951,748,211663,9907,175805,"22-10-2020","Canada"
26502,551,214312,9931,177879,"23-10-2020","Canada"
26926,424,216524,9962,179636,"24-10-2020","Canada"
27156,230,218570,9985,181429,"25-10-2020","Canada"
28421,1265,222743,10016,184306,"26-10-2020","Canada"
28955,534,225461,10042,186464,"27-10-2020","Canada"
29186,231,228128,10075,188867,"28-10-2020","Canada"
29814,628,231140,10118,191208,"29-10-2020","Canada"
30594,780,234686,10155,193937,"30-10-2020","Canada"
30988,394,237044,10180,195876,"31-10-2020","Canada"
31380,392,239328,10219,197729,"01-11-2020","Canada"
32618,1238,242923,10253,200052,"02-11-2020","Canada"
33823,1205,247657,10325,203509,"03-11-2020","Canada"
34550,727,250968,10381,206037,"04-11-2020","Canada"
35659,1109,254089,10432,207998,"05-11-2020","Canada"
36904,1245,258625,10484,211237,"06-11-2020","Canada"
38399,1495,262031,10538,213094,"07-11-2020","Canada"
39615,1216,265183,10563,215005,"08-11-2020","Canada"
42722,3107,271732,10610,218400,"09-11-2020","Canada"
44273,1551,276231,10679,221279,"10-11-2020","Canada"
45575,1302,279509,10735,223199,"11-11-2020","Canada"
48097,2522,285686,10814,226775,"12-11-2020","Canada"
48937,840,290454,10871,230646,"13-11-2020","Canada"
49971,1034,293815,10929,232915,"14-11-2020","Canada"
50677,706,297059,10981,235401,"15-11-2020","Canada"
53856,3179,305198,11055,240287,"16-11-2020","Canada"
54396,540,309665,11117,244152,"17-11-2020","Canada"
54642,246,314181,11218,248321,"18-11-2020","Canada"
55386,744,318972,11292,252294,"19-11-2020","Canada"
55963,577,323975,11366,256646,"20-11-2020","Canada"
57054,1091,328888,11436,260398,"21-11-2020","Canada"
58023,969,333555,11483,264049,"22-11-2020","Canada"
59697,1674,340442,11546,269199,"23-11-2020","Canada"
60687,990,345728,11650,273391,"24-11-2020","Canada"
61880,1193,350852,11740,277232,"25-11-2020","Canada"
63823,1943,356580,11828,280929,"26-11-2020","Canada"
64105,282,362532,11927,286500,"27-11-2020","Canada"
65462,1357,368153,12003,290688,"28-11-2020","Canada"
67064,1602,373508,12055,294389,"29-11-2020","Canada"
69299,2235,381429,12158,299972,"30-11-2020","Canada"
69966,667,387101,12247,304888,"01-12-2020","Canada"
71254,1288,393498,12358,309886,"02-12-2020","Canada"
72640,1386,399701,12443,314618,"03-12-2020","Canada"
73525,885,406161,12538,320098,"04-12-2020","Canada"
74886,1361,412394,12626,324882,"05-12-2020","Canada"
76816,1930,418667,12713,329138,"06-12-2020","Canada"
75042,-1774,426600,12817,338741,"07-12-2020","Canada"
75685,643,432797,12913,344199,"08-12-2020","Canada"
76104,419,439150,13036,350010,"09-12-2020","Canada"
76957,853,445855,13163,355735,"10-12-2020","Canada"
76955,-2,452538,13283,362300,"11-12-2020","Canada"
76574,-381,458437,13389,368474,"12-12-2020","Canada"
77526,952,464248,13469,373253,"13-12-2020","Canada"
79751,2225,472808,13590,379467,"14-12-2020","Canada"
79311,-440,478989,13703,385975,"15-12-2020","Canada"
79746,435,485527,13835,391946,"16-12-2020","Canada"
80199,453,492567,13956,398412,"17-12-2020","Canada"
79585,-614,499267,14071,405611,"18-12-2020","Canada"
80047,462,505629,14197,411385,"19-12-2020","Canada"
80478,431,511435,14260,416697,"20-12-2020","Canada"
81303,825,519285,14372,423610,"21-12-2020","Canada"
79520,-1783,525557,14476,431561,"22-12-2020","Canada"
79398,-122,532504,14654,438452,"23-12-2020","Canada"
79364,-34,538202,14774,444064,"24-12-2020","Canada"
79761,397,538602,14775,444066,"25-12-2020","Canada"
77317,-2444,540324,14784,448223,"26-12-2020","Canada"
83945,6628,550121,14945,451231,"27-12-2020","Canada"
77517,-6428,560860,15219,468124,"28-12-2020","Canada"
76452,-1065,569736,15427,477857,"29-12-2020","Canada"
77202,750,577332,15547,484583,"30-12-2020","Canada"
78967,1765,584447,15667,489813,"31-12-2020","Canada"
77203,-1764,585161,15679,492279,"01-01-2021","Canada"
78966,1763,589778,15729,495083,"02-01-2021","Canada"
88372,9406,601834,15897,497565,"03-01-2021","Canada"
82195,-6177,616198,16119,517884,"04-01-2021","Canada"
84693,2498,623539,16282,522564,"05-01-2021","Canada"
83785,-908,631466,16454,531227,"06-01-2021","Canada"
84743,958,639639,16629,538267,"07-01-2021","Canada"
86077,1334,648833,16785,545971,"08-01-2021","Canada"
87928,1851,657231,16915,552388,"09-01-2021","Canada"
88356,428,664125,16997,558772,"10-01-2021","Canada"
87283,-1073,673004,17148,568573,"11-01-2021","Canada"
85315,-1968,679080,17318,576447,"12-01-2021","Canada"
84145,-1170,686260,17463,584652,"13-01-2021","Canada"
82724,-1421,693738,17616,593398,"14-01-2021","Canada"
80966,-1758,700637,17760,601911,"15-01-2021","Canada"
80914,-52,706903,17904,608085,"16-01-2021","Canada"
79391,-1523,712767,18051,615325,"17-01-2021","Canada"
78209,-1182,719409,18167,623033,"18-01-2021","Canada"
75858,-2351,724610,18322,630430,"19-01-2021","Canada"
73008,-2850,730146,18518,638620,"20-01-2021","Canada"
71968,-1040,736380,18683,645729,"21-01-2021","Canada"
70449,-1519,742151,18873,652829,"22-01-2021","Canada"
69107,-1342,747100,19009,658984,"23-01-2021","Canada"
67730,-1377,751467,19116,664621,"24-01-2021","Canada"
66776,-954,757388,19285,671327,"25-01-2021","Canada"
63973,-2803,761483,19441,678069,"26-01-2021","Canada"
62260,-1713,765785,19572,683953,"27-01-2021","Canada"
61493,-767,770605,19693,689419,"28-01-2021","Canada"
